2.2094244328911037;1089.6594977378845
2.148111186064112;2169.6972370147705
2.1242899175190257;3248.7820358276367
2.1067016450950242;4328.85192656517
2.0977542519264523;5407.018945217133
2.0917290458288935;6485.293082475662
2.082896967373237;7564.946081876755
2.0788163224144656;8644.671465158463
2.071821448443187;9723.223058700562
2.0759109560486;10802.713985681534
2.0703488277352378;11890.605117321014
2.0618804135285975;12970.072587013245
2.05589583920091;14049.000997304916
2.0552126702750146;15129.284321546555
2.054581706786094;16210.08123588562
2.0492538027751155;17291.145095825195
2.0482539048280253;18370.418083906174
2.0455751952612804;19452.78776717186
2.042251200932065;20534.96561574936
2.0429784538190985;21616.117165327072
2.0370312569391382;22703.052268505096
2.036921231338131;23845.17783689499
2.0305624282573485;24944.057671785355
2.035597142051248;26027.556422948837
2.028895467138657;27106.748616456985
2.026024111091633;28186.742999076843
2.025430334193626;29270.023061275482
2.0216172058563995;30352.36321759224
2.0180275446313733;31436.229053497314
2.018583800786597;32526.830854177475
2.0159959143689834;33608.00297045708
2.0113504829309194;34686.192192554474
2.0135508278751617;35767.3869407177
2.0124340651895074;36847.04082298279
2.009667797466678;37939.04568004608
2.006886036194802;39021.65161180496
2.006337100587539;40097.03236627579
2.007564183696152;41174.75560092926
2.0017896802224153;42253.8247423172
2.000529913646181;43333.53812932968
1.998813087068248;44411.29027605057
2.001099054160936;45516.14622950554
1.9976469354556348;46614.005049943924
1.9999189946962432;47701.80145597458
1.9934326459074863;48780.971398591995
1.995741971008612;49862.68581223488
1.9978675656306468;50945.953644275665
1.990969712472023;52042.85391974449
1.9938484174211297;53118.545929431915
1.9929778828950182;54207.73084950447
